0.000000 1.348328 
0.078125 1.327402 
0.156250 1.311977 
0.234375 1.302122 
0.312500 1.297081 
0.390625 1.295424 
0.468750 1.295277 
0.546875 1.294613 
0.625000 1.291539 
0.703125 1.284571 
0.781250 1.272846 
0.859375 1.256252 
0.937500 1.235446 
1.015625 1.211754 
1.093750 1.186956 
1.171875 1.162999 
1.250000 1.141676 
1.328125 1.124343 
1.406250 1.111717 
1.484375 1.103791 
1.562500 1.099862 
1.640625 1.098664 
1.718750 1.098574 
1.796875 1.097861 
1.875000 1.094938 
1.953125 1.088589 
2.031250 1.078152 
2.109375 1.063611 
2.187500 1.045601 
2.265625 1.025307 
2.343750 1.004273 
2.421875 0.984146 
2.500000 0.966415 
2.578125 0.952175 
2.656250 0.941965 
2.734375 0.935705 
2.812500 0.932731 
2.890625 0.931917 
2.968750 0.931854 
3.046875 0.931070 
3.125000 0.928243 
3.203125 0.922396 
3.281250 0.913039 
3.359375 0.900240 
3.437500 0.884614 
3.515625 0.867224 
3.593750 0.849405 
3.671875 0.832551 
3.750000 0.817888 
3.828125 0.806285 
3.906250 0.798127 
3.984375 0.793271 
4.062500 0.791088 
4.140625 0.790573 
4.218750 0.790506 
4.296875 0.789639 
4.375000 0.786882 
4.453125 0.781461 
4.531250 0.773035 
4.609375 0.761741 
4.687500 0.748172 
4.765625 0.733278 
4.843750 0.718215 
4.921875 0.704154 
5.000000 0.692097 
5.078125 0.682721 
5.156250 0.676281 
5.234375 0.672584 
5.312500 0.671035 
5.390625 0.670738 
5.468750 0.670637 
5.546875 0.669684 
5.625000 0.666986 
5.703125 0.661945 
5.781250 0.654343 
5.859375 0.644368 
5.937500 0.632587 
6.015625 0.619850 
6.093750 0.607151 
6.171875 0.595470 
6.250000 0.585616 
6.328125 0.578104 
6.406250 0.573084 
6.484375 0.570325 
6.562500 0.569269 
6.640625 0.569116 
6.718750 0.568961 
6.796875 0.567924 
6.875000 0.565287 
6.953125 0.560598 
7.031250 0.553737 
7.109375 0.544931 
7.187500 0.534716 
7.265625 0.523847 
7.343750 0.513176 
7.421875 0.503517 
7.500000 0.495516 
7.578125 0.489552 
7.656250 0.485691 
7.734375 0.483678 
7.812500 0.482991 
7.890625 0.482923 
7.968750 0.482699 
8.046875 0.481588 
8.125000 0.479020 
8.203125 0.474664 
8.281250 0.468479 
8.359375 0.460718 
8.437500 0.451879 
8.515625 0.442631 
8.593750 0.433699 
8.671875 0.425753 
8.750000 0.419300 
8.828125 0.414611 
8.906250 0.411684 
8.984375 0.410253 
9.062500 0.409832 
9.140625 0.409801 
9.218750 0.409500 
9.296875 0.408330 
9.375000 0.405842 
9.453125 0.401808 
9.531250 0.396247 
9.609375 0.389422 
9.687500 0.381796 
9.765625 0.373953 
9.843750 0.366509 
9.921875 0.360008 
10.000000 0.354842 
10.078125 0.351194 
10.156250 0.349011 
10.234375 0.348022 
10.312500 0.347785 
10.390625 0.347756 
10.468750 0.347378 
10.546875 0.346165 
10.625000 0.343772 
10.703125 0.340051 
10.781250 0.335066 
10.859375 0.329083 
10.937500 0.322525 
11.015625 0.315900 
11.093750 0.309725 
11.171875 0.304438 
11.250000 0.300336 
11.328125 0.297529 
11.406250 0.295930 
11.484375 0.295272 
11.562500 0.295152 
11.640625 0.295101 
11.718750 0.294651 
11.796875 0.293413 
11.875000 0.291128 
11.953125 0.287712 
12.031250 0.283260 
12.109375 0.278035 
12.187500 0.272416 
12.265625 0.266844 
12.343750 0.261748 
12.421875 0.257476 
12.500000 0.254246 
12.578125 0.252113 
12.656250 0.250967 
12.734375 0.250548 
12.812500 0.250496 
12.890625 0.250408 
12.968750 0.249895 
13.046875 0.248650 
13.125000 0.246485 
13.203125 0.243365 
13.281250 0.239407 
13.359375 0.234861 
13.437500 0.230068 
13.515625 0.225403 
13.593750 0.221220 
13.671875 0.217792 
13.750000 0.215272 
13.828125 0.213674 
13.906250 0.212872 
13.984375 0.212620 
14.062500 0.212601 
14.140625 0.212468 
14.218750 0.211904 
14.296875 0.210669 
14.375000 0.208634 
14.453125 0.205800 
14.531250 0.202298 
14.609375 0.198360 
14.687500 0.194289 
14.765625 0.190403 
14.843750 0.186989 
14.921875 0.184258 
15.000000 0.182313 
15.078125 0.181135 
15.156250 0.180589 
15.234375 0.180450 
15.312500 0.180437 
15.390625 0.180257 
15.468750 0.179655 
15.546875 0.178446 
15.625000 0.176548 
15.703125 0.173990 
15.781250 0.170905 
15.859375 0.167510 
15.937500 0.164068 
16.015625 0.160848 
16.093750 0.158080 
16.171875 0.155922 
16.250000 0.154437 
16.328125 0.153583 
16.406250 0.153225 
16.484375 0.153157 
16.562500 0.153133 
16.640625 0.152910 
16.718750 0.152282 
16.796875 0.151114 
16.875000 0.149357 
16.953125 0.147060 
17.031250 0.144357 
17.109375 0.141443 
17.187500 0.138548 
17.265625 0.135895 
17.343750 0.133665 
17.421875 0.131974 
17.500000 0.130854 
17.578125 0.130249 
17.656250 0.130025 
17.734375 0.129996 
17.812500 0.129953 
17.890625 0.129691 
17.968750 0.129051 
18.046875 0.127933 
18.125000 0.126319 
18.203125 0.124269 
18.281250 0.121913 
18.359375 0.119425 
18.437500 0.117003 
18.515625 0.114828 
18.593750 0.113045 
18.671875 0.111733 
18.750000 0.110900 
18.828125 0.110481 
18.906250 0.110349 
18.984375 0.110339 
19.062500 0.110270 
19.140625 0.109978 
19.218750 0.109336 
19.296875 0.108279 
19.375000 0.106807 
19.453125 0.104988 
19.531250 0.102944 
19.609375 0.100831 
19.687500 0.098815 
19.765625 0.097044 
19.843750 0.095629 
19.921875 0.094621 
20.000000 0.094011 
20.078125 0.093730 
20.156250 0.093659 
20.234375 0.093652 
20.312500 0.093557 
20.390625 0.093241 
20.468750 0.092609 
20.546875 0.091619 
20.625000 0.090286 
20.703125 0.088681 
20.781250 0.086918 
20.859375 0.085132 
20.937500 0.083463 
21.015625 0.082031 
21.093750 0.080916 
21.171875 0.080151 
21.250000 0.079713 
21.328125 0.079531 
21.406250 0.079498 
21.484375 0.079484 
21.562500 0.079365 
21.640625 0.079033 
21.718750 0.078419 
21.796875 0.077500 
21.875000 0.076302 
21.953125 0.074894 
22.031250 0.073381 
22.109375 0.071880 
22.187500 0.070507 
22.265625 0.069356 
22.343750 0.068486 
22.421875 0.067912 
22.500000 0.067604 
22.578125 0.067493 
22.656250 0.067479 
22.734375 0.067454 
22.812500 0.067314 
22.890625 0.066974 
22.968750 0.066385 
23.046875 0.065539 
23.125000 0.064469 
23.203125 0.063241 
23.281250 0.061950 
23.359375 0.060695 
23.437500 0.059572 
23.515625 0.058654 
23.593750 0.057982 
23.671875 0.057558 
23.750000 0.057347 
23.828125 0.057282 
23.906250 0.057277 
23.984375 0.057239 
24.062500 0.057081 
24.140625 0.056740 
24.218750 0.056182 
24.296875 0.055410 
24.375000 0.054460 
24.453125 0.053395 
24.531250 0.052299 
24.609375 0.051256 
24.687500 0.050343 
24.765625 0.049617 
24.843750 0.049103 
24.921875 0.048794 
25.000000 0.048654 
25.078125 0.048620 
25.156250 0.048616 
25.234375 0.048563 
25.312500 0.048393 
25.390625 0.048056 
25.468750 0.047533 
25.546875 0.046834 
25.625000 0.045996 
25.703125 0.045078 
25.781250 0.044152 
25.859375 0.043291 
25.937500 0.042554 
26.015625 0.041984 
26.093750 0.041595 
26.171875 0.041375 
26.250000 0.041286 
26.328125 0.041270 
26.406250 0.041262 
26.484375 0.041196 
26.562500 0.041017 
26.640625 0.040690 
26.718750 0.040205 
26.796875 0.039576 
26.875000 0.038841 
26.953125 0.038054 
27.031250 0.037277 
27.109375 0.036569 
27.187500 0.035979 
27.265625 0.035535 
27.343750 0.035245 
27.421875 0.035092 
27.500000 0.035038 
27.578125 0.035032 
27.656250 0.035017 
27.734375 0.034939 
27.812500 0.034756 
27.890625 0.034443 
27.968750 0.033997 
28.046875 0.033435 
28.125000 0.032795 
28.203125 0.032124 
28.281250 0.031475 
28.359375 0.030897 
28.437500 0.030428 
28.515625 0.030086 
28.593750 0.029873 
28.671875 0.029769 
28.750000 0.029738 
28.828125 0.029736 
28.906250 0.029713 
28.984375 0.029627 
29.062500 0.029443 
29.140625 0.029147 
29.218750 0.028740 
29.296875 0.028242 
29.375000 0.027687 
29.453125 0.027118 
29.531250 0.026580 
29.609375 0.026111 
29.687500 0.025740 
29.765625 0.025480 
29.843750 0.025326 
29.921875 0.025258 
30.000000 0.025242 
30.078125 0.025240 
30.156250 0.025209 
30.234375 0.025116 
30.312500 0.024935 
30.390625 0.024658 
30.468750 0.024289 
30.546875 0.023851 
30.625000 0.023373 
30.703125 0.022893 
30.781250 0.022449 
30.859375 0.022072 
30.937500 0.021781 
31.015625 0.021585 
31.093750 0.021476 
31.171875 0.021433 
31.250000 0.021427 
31.328125 0.021421 
31.406250 0.021384 
31.484375 0.021287 
31.562500 0.021112 
31.640625 0.020854 
31.718750 0.020523 
31.796875 0.020139 
31.875000 0.019730 
31.953125 0.019328 
32.031250 0.018964 
32.109375 0.018662 
32.187500 0.018437 
32.265625 0.018291 
32.343750 0.018216 
32.421875 0.018190 
32.500000 0.018188 
32.578125 0.018179 
32.656250 0.018136 
32.734375 0.018036 
32.812500 0.017869 
32.890625 0.017633 
32.968750 0.017338 
33.046875 0.017003 
33.125000 0.016655 
33.203125 0.016320 
33.281250 0.016023 
33.359375 0.015783 
33.437500 0.015611 
33.515625 0.015504 
33.593750 0.015454 
33.671875 0.015440 
33.750000 0.015438 
33.828125 0.015425 
33.906250 0.015377 
33.984375 0.015278 
34.062500 0.015120 
34.140625 0.014905 
34.218750 0.014644 
34.296875 0.014354 
34.375000 0.014059 
34.453125 0.013782 
34.531250 0.013541 
34.609375 0.013353 
34.687500 0.013222 
34.765625 0.013145 
34.843750 0.013112 
34.921875 0.013106 
35.000000 0.013104 
35.078125 0.013086 
35.156250 0.013035 
35.234375 0.012938 
35.312500 0.012790 
35.390625 0.012596 
35.468750 0.012366 
35.546875 0.012117 
35.625000 0.011869 
35.703125 0.011640 
35.781250 0.011447 
35.859375 0.011300 
35.937500 0.011202 
36.015625 0.011148 
36.093750 0.011127 
36.171875 0.011125 
36.250000 0.011121 
36.328125 0.011100 
36.406250 0.011047 
36.484375 0.010953 
36.562500 0.010816 
36.640625 0.010642 
36.718750 0.010441 
36.796875 0.010228 
36.875000 0.010021 
36.953125 0.009833 
37.031250 0.009679 
37.109375 0.009566 
37.187500 0.009493 
37.265625 0.009456 
37.343750 0.009444 
37.421875 0.009443 
37.500000 0.009438 
37.578125 0.009413 
37.656250 0.009359 
37.734375 0.009270 
37.812500 0.009145 
37.890625 0.008989 
37.968750 0.008815 
38.046875 0.008634 
38.125000 0.008461 
38.203125 0.008309 
38.281250 0.008187 
38.359375 0.008100 
38.437500 0.008047 
38.515625 0.008023 
38.593750 0.008016 
38.671875 0.008016 
38.750000 0.008008 
38.828125 0.007981 
38.906250 0.007927 
38.984375 0.007843 
39.062500 0.007729 
39.140625 0.007592 
39.218750 0.007441 
39.296875 0.007288 
39.375000 0.007145 
39.453125 0.007022 
39.531250 0.006927 
39.609375 0.006861 
39.687500 0.006823 
39.765625 0.006807 
39.843750 0.006804 
39.921875 0.006803 
