0.000000 0.248216 
0.078125 0.311503 
0.156250 0.362005 
0.234375 0.397967 
0.312500 0.418216 
0.390625 0.422177 
0.468750 0.409875 
0.546875 0.381927 
0.625000 0.339515 
0.703125 0.284362 
0.781250 0.218680 
0.859375 0.145095 
0.937500 0.066554 
1.015625 -0.013805 
1.093750 -0.092784 
1.171875 -0.167281 
1.250000 -0.234418 
1.328125 -0.291668 
1.406250 -0.336946 
1.484375 -0.368670 
1.562500 -0.385800 
1.640625 -0.387856 
1.718750 -0.374919 
1.796875 -0.347620 
1.875000 -0.307120 
1.953125 -0.255076 
2.031250 -0.193586 
2.109375 -0.125123 
2.187500 -0.052431 
2.265625 0.021580 
2.343750 0.093970 
2.421875 0.161899 
2.500000 0.222746 
2.578125 0.274221 
2.656250 0.314446 
2.734375 0.342012 
2.812500 0.356018 
2.890625 0.356081 
2.968750 0.342344 
3.046875 0.315461 
3.125000 0.276578 
3.203125 0.227290 
3.281250 0.169596 
3.359375 0.105823 
3.437500 0.038531 
3.515625 -0.029588 
3.593750 -0.095830 
3.671875 -0.157600 
3.750000 -0.212520 
3.828125 -0.258525 
3.906250 -0.293935 
3.984375 -0.317511 
4.062500 -0.328485 
4.140625 -0.326575 
4.218750 -0.311986 
4.296875 -0.285399 
4.375000 -0.247944 
4.453125 -0.201166 
4.531250 -0.146965 
4.609375 -0.087532 
4.687500 -0.025256 
4.765625 0.037373 
4.843750 0.097876 
4.921875 0.153885 
5.000000 0.203248 
5.078125 0.244112 
5.156250 0.274988 
5.234375 0.294796 
5.312500 0.302898 
5.390625 0.299110 
5.468750 0.283697 
5.546875 0.257364 
5.625000 0.221231 
5.703125 0.176788 
5.781250 0.125847 
5.859375 0.070467 
5.937500 0.012875 
6.015625 -0.044630 
6.093750 -0.099773 
6.171875 -0.150404 
6.250000 -0.194581 
6.328125 -0.230648 
6.406250 -0.257294 
6.484375 -0.273592 
6.562500 -0.279026 
6.640625 -0.273503 
6.718750 -0.257346 
6.796875 -0.231282 
6.875000 -0.196417 
6.953125 -0.154189 
7.031250 -0.106322 
7.109375 -0.054752 
7.187500 -0.001551 
7.265625 0.051161 
7.343750 0.101302 
7.421875 0.146923 
7.500000 0.186277 
7.578125 0.217894 
7.656250 0.240628 
7.734375 0.253694 
7.812500 0.256691 
7.890625 0.249607 
7.968750 0.232820 
8.046875 0.207075 
8.125000 0.173460 
8.203125 0.133363 
8.281250 0.088419 
8.359375 0.040448 
8.437500 -0.008627 
8.515625 -0.056852 
8.593750 -0.102328 
8.671875 -0.143292 
8.750000 -0.178179 
8.828125 -0.205691 
8.906250 -0.224834 
8.984375 -0.234955 
9.062500 -0.235756 
9.140625 -0.227304 
9.218750 -0.210020 
9.296875 -0.184665 
9.375000 -0.152305 
9.453125 -0.114276 
9.531250 -0.072129 
9.609375 -0.027567 
9.687500 0.017624 
9.765625 0.061649 
9.843750 0.102780 
9.921875 0.139425 
10.000000 0.170190 
10.078125 0.193933 
10.156250 0.209803 
10.234375 0.217265 
10.312500 0.216118 
10.390625 0.206496 
10.468750 0.188858 
10.546875 0.163973 
10.625000 0.132885 
10.703125 0.096876 
10.781250 0.057413 
10.859375 0.016088 
10.937500 -0.025446 
11.015625 -0.065542 
11.093750 -0.102631 
11.171875 -0.135281 
11.250000 -0.162255 
11.328125 -0.182557 
11.406250 -0.195463 
11.484375 -0.200548 
11.562500 -0.197696 
11.640625 -0.187100 
11.718750 -0.169251 
11.796875 -0.144921 
11.875000 -0.115128 
11.953125 -0.081097 
12.031250 -0.044214 
12.109375 -0.005963 
12.187500 0.032127 
12.265625 0.068551 
12.343750 0.101887 
12.421875 0.130853 
12.500000 0.154355 
12.578125 0.171528 
12.656250 0.181768 
12.734375 0.184747 
12.812500 0.180425 
12.890625 0.169045 
12.968750 0.151124 
13.046875 0.127431 
13.125000 0.098954 
13.203125 0.066862 
13.281250 0.032459 
13.359375 -0.002872 
13.437500 -0.037723 
13.515625 -0.070720 
13.593750 -0.100580 
13.671875 -0.126156 
13.750000 -0.146487 
13.828125 -0.160831 
13.906250 -0.168689 
13.984375 -0.169820 
14.062500 -0.164250 
14.140625 -0.152266 
14.218750 -0.134404 
14.296875 -0.111424 
14.375000 -0.084281 
14.453125 -0.054088 
14.531250 -0.022068 
14.609375 0.010493 
14.687500 0.042301 
14.765625 0.072107 
14.843750 0.098752 
14.921875 0.121219 
15.000000 0.138668 
15.078125 0.150465 
15.156250 0.156208 
15.234375 0.155734 
15.312500 0.149125 
15.390625 0.136705 
15.468750 0.119020 
15.546875 0.096819 
15.625000 0.071023 
15.703125 0.042685 
15.781250 0.012953 
15.859375 -0.016984 
15.937500 -0.045939 
16.015625 -0.072777 
16.093750 -0.096458 
16.171875 -0.116083 
16.250000 -0.130920 
16.328125 -0.140437 
16.406250 -0.144316 
16.484375 -0.142462 
16.562500 -0.135008 
16.640625 -0.122305 
16.718750 -0.104904 
16.796875 -0.083540 
16.875000 -0.059095 
16.953125 -0.032566 
17.031250 -0.005023 
17.109375 0.022433 
17.187500 0.048717 
17.265625 0.072801 
17.343750 0.093758 
17.421875 0.110791 
17.500000 0.123273 
17.578125 0.130758 
17.656250 0.133006 
17.734375 0.129982 
17.812500 0.121859 
17.890625 0.109009 
17.968750 0.091987 
18.046875 0.071506 
18.125000 0.048410 
18.203125 0.023638 
18.281250 -0.001813 
18.359375 -0.026928 
18.437500 -0.050718 
18.515625 -0.072254 
18.593750 -0.090711 
18.671875 -0.105391 
18.750000 -0.115755 
18.828125 -0.121441 
18.906250 -0.122274 
18.984375 -0.118271 
19.062500 -0.109639 
19.140625 -0.096766 
19.218750 -0.080203 
19.296875 -0.060640 
19.375000 -0.038882 
19.453125 -0.015812 
19.531250 0.007646 
19.609375 0.030558 
19.687500 0.052023 
19.765625 0.071208 
19.843750 0.087378 
19.921875 0.099927 
20.000000 0.108398 
20.078125 0.112499 
20.156250 0.112115 
20.234375 0.107307 
20.312500 0.098309 
20.390625 0.085521 
20.468750 0.069484 
20.546875 0.050866 
20.625000 0.030429 
20.703125 0.008999 
20.781250 -0.012564 
20.859375 -0.033407 
20.937500 -0.052713 
21.015625 -0.069733 
21.093750 -0.083819 
21.171875 -0.094445 
21.250000 -0.101229 
21.328125 -0.103944 
21.406250 -0.102523 
21.484375 -0.097067 
21.562500 -0.087832 
21.640625 -0.075221 
21.718750 -0.059767 
21.796875 -0.042108 
21.875000 -0.022967 
21.953125 -0.003115 
22.031250 0.016654 
22.109375 0.035560 
22.187500 0.052862 
22.265625 0.067894 
22.343750 0.080086 
22.421875 0.088985 
22.500000 0.094274 
22.578125 0.095783 
22.656250 0.093492 
22.734375 0.087529 
22.812500 0.078169 
22.890625 0.065815 
22.968750 0.050986 
23.046875 0.034294 
23.125000 0.016417 
23.203125 -0.001923 
23.281250 -0.019998 
23.359375 -0.037093 
23.437500 -0.052544 
23.515625 -0.065756 
23.593750 -0.076231 
23.671875 -0.083583 
23.750000 -0.087555 
23.828125 -0.088025 
23.906250 -0.085011 
23.984375 -0.078667 
24.062500 -0.069279 
24.140625 -0.057249 
24.218750 -0.043079 
24.296875 -0.027351 
24.375000 -0.010704 
24.453125 0.006194 
24.531250 0.022672 
24.609375 0.038082 
24.687500 0.051825 
24.765625 0.063376 
24.843750 0.072301 
24.921875 0.078274 
25.000000 0.081091 
25.078125 0.080672 
25.156250 0.077069 
25.234375 0.070456 
25.312500 0.061125 
25.390625 0.049473 
25.468750 0.035985 
25.546875 0.021213 
25.625000 0.005754 
25.703125 -0.009772 
25.781250 -0.024750 
25.859375 -0.038594 
25.937500 -0.050768 
26.015625 -0.060806 
26.093750 -0.068336 
26.171875 -0.073086 
26.250000 -0.074896 
26.328125 -0.073726 
26.406250 -0.069653 
26.484375 -0.062867 
26.562500 -0.053666 
26.640625 -0.042437 
26.718750 -0.029645 
26.796875 -0.015813 
26.875000 -0.001499 
26.953125 0.012727 
27.031250 0.026301 
27.109375 0.038694 
27.187500 0.049428 
27.265625 0.058095 
27.343750 0.064374 
27.421875 0.068042 
27.500000 0.068982 
27.578125 0.067183 
27.656250 0.062747 
27.734375 0.055874 
27.812500 0.046863 
27.890625 0.036091 
27.968750 0.024003 
28.046875 0.011090 
28.125000 -0.002128 
28.203125 -0.015125 
28.281250 -0.027389 
28.359375 -0.038441 
28.437500 -0.047858 
28.515625 -0.055285 
28.593750 -0.060447 
28.671875 -0.063165 
28.750000 -0.063357 
28.828125 -0.061040 
28.906250 -0.056334 
28.984375 -0.049448 
29.062500 -0.040677 
29.140625 -0.030388 
29.218750 -0.019002 
29.296875 -0.006983 
29.375000 0.005188 
29.453125 0.017028 
29.531250 0.028071 
29.609375 0.037888 
29.687500 0.046105 
29.765625 0.052413 
29.843750 0.056582 
29.921875 0.058470 
30.000000 0.058025 
30.078125 0.055290 
30.156250 0.050396 
30.234375 0.043559 
30.312500 0.035069 
30.390625 0.025280 
30.468750 0.014592 
30.546875 0.003437 
30.625000 -0.007738 
30.703125 -0.018491 
30.781250 -0.028401 
30.859375 -0.037085 
30.937500 -0.044211 
31.015625 -0.049514 
31.093750 -0.052803 
31.171875 -0.053970 
31.250000 -0.052989 
31.328125 -0.049922 
31.406250 -0.044913 
31.484375 -0.038178 
31.562500 -0.030002 
31.640625 -0.020724 
31.718750 -0.010722 
31.796875 -0.000400 
31.875000 0.009832 
31.953125 0.019568 
32.031250 0.028430 
32.109375 0.036074 
32.187500 0.042212 
32.265625 0.046616 
32.343750 0.049130 
32.421875 0.049674 
32.500000 0.048248 
32.578125 0.044928 
32.656250 0.039864 
32.734375 0.033276 
32.812500 0.025439 
32.890625 0.016677 
32.968750 0.007346 
33.046875 -0.002179 
33.125000 -0.011520 
33.203125 -0.020308 
33.281250 -0.028201 
33.359375 -0.034896 
33.437500 -0.040141 
33.515625 -0.043743 
33.593750 -0.045578 
33.671875 -0.045590 
33.750000 -0.043799 
33.828125 -0.040293 
33.906250 -0.035229 
33.984375 -0.028824 
34.062500 -0.021344 
34.140625 -0.013098 
34.218750 -0.004418 
34.296875 0.004346 
34.375000 0.012848 
34.453125 0.020753 
34.531250 0.027755 
34.609375 0.033586 
34.687500 0.038027 
34.765625 0.040918 
34.843750 0.042160 
34.921875 0.041721 
35.000000 0.039636 
35.078125 0.036004 
35.156250 0.030986 
35.234375 0.024793 
35.312500 0.017683 
35.390625 0.009947 
35.468750 0.001898 
35.546875 -0.006144 
35.625000 -0.013858 
35.703125 -0.020944 
35.781250 -0.027128 
35.859375 -0.032175 
35.937500 -0.035896 
36.015625 -0.038158 
36.093750 -0.038886 
36.171875 -0.038069 
36.250000 -0.035754 
36.328125 -0.032048 
36.406250 -0.027112 
36.484375 -0.021155 
36.562500 -0.014422 
36.640625 -0.007188 
36.718750 0.000255 
36.796875 0.007611 
36.875000 0.014590 
36.953125 0.020919 
37.031250 0.026354 
37.109375 0.030691 
37.187500 0.033768 
37.265625 0.035476 
37.343750 0.035764 
37.421875 0.034633 
37.500000 0.032144 
37.578125 0.028408 
37.656250 0.023587 
37.734375 0.017883 
37.812500 0.011530 
37.890625 0.004786 
37.968750 -0.002077 
38.046875 -0.008787 
38.125000 -0.015079 
38.203125 -0.020709 
38.281250 -0.025462 
38.359375 -0.029158 
38.437500 -0.031661 
38.515625 -0.032886 
38.593750 -0.032797 
38.671875 -0.031411 
38.750000 -0.028796 
38.828125 -0.025069 
38.906250 -0.020389 
38.984375 -0.014950 
39.062500 -0.008976 
39.140625 -0.002709 
39.218750 0.003601 
39.296875 0.009703 
39.375000 0.015358 
39.453125 0.020346 
39.531250 0.024477 
39.609375 0.027597 
39.687500 0.029592 
39.765625 0.030396 
39.843750 0.029989 
39.921875 0.028399 
