0.248216 0.882633
0.311503 0.732608
0.362005 0.556515
0.397967 0.361619
0.418216 0.155527
0.422177 -0.054067
0.409875 -0.259533
0.381927 -0.453430
0.339515 -0.628640
0.284362 -0.778548
0.218680 -0.897309
0.145095 -0.980169
0.066554 -1.023795
-0.013805 -1.026560
-0.092784 -0.988694
-0.167281 -0.912273
-0.234418 -0.801046
-0.291668 -0.660125
-0.336946 -0.495623
-0.368670 -0.314290
-0.385800 -0.123215
-0.387856 0.070405
-0.374919 0.259436
-0.347620 0.436937
-0.307120 0.596320
-0.255076 0.731535
-0.193586 0.837320
-0.125123 0.909488
-0.052431 0.945204
0.021580 0.943208
0.093970 0.903929
0.161899 0.829450
0.222746 0.723347
0.274221 0.590413
0.314446 0.436347
0.342012 0.267437
0.356018 0.090293
0.356081 -0.088370
0.342344 -0.261899
0.315461 -0.423852
0.276578 -0.568164
0.227290 -0.689334
0.169596 -0.782658
0.105823 -0.844485
0.038531 -0.872444
-0.029588 -0.865622
-0.095830 -0.824641
-0.157600 -0.751604
-0.212520 -0.649946
-0.258525 -0.524189
-0.293935 -0.379666
-0.317511 -0.222245
-0.328485 -0.058090
-0.326575 0.106543
-0.311986 0.265471
-0.285399 0.412742
-0.247944 0.542800
-0.201166 0.650673
-0.146965 0.732189
-0.087532 0.784197
-0.025256 0.804755
0.037373 0.793271
0.097876 0.750542
0.153885 0.678699
0.203248 0.581055
0.244112 0.461893
0.274988 0.326217
0.294796 0.179511
0.302898 0.027520
0.299110 -0.123937
0.283697 -0.269131
0.257364 -0.402587
0.221231 -0.519241
0.176788 -0.614628
0.125847 -0.685078
0.070467 -0.727900
0.012875 -0.741548
-0.044630 -0.725717
-0.099773 -0.681364
-0.150404 -0.610641
-0.194581 -0.516755
-0.230648 -0.403770
-0.257294 -0.276390
-0.273592 -0.139744
-0.279026 0.000816
-0.273503 0.139888
-0.257346 0.272184
-0.231282 0.392684
-0.196417 0.496799
-0.154189 0.580546
-0.106322 0.640720
-0.054752 0.675057
-0.001551 0.682368
0.051161 0.662603
0.101302 0.616858
0.146923 0.547301
0.186277 0.457035
0.217894 0.349924
0.240628 0.230394
0.253694 0.103242
0.256691 -0.026550
0.249607 -0.153980
0.232820 -0.274181
0.207075 -0.382571
0.173460 -0.475015
0.133363 -0.547978
0.088419 -0.598691
0.040448 -0.625278
-0.008627 -0.626867
-0.056852 -0.603637
-0.102328 -0.556799
-0.143292 -0.488526
-0.178179 -0.401822
-0.205691 -0.300361
-0.224834 -0.188309
-0.234955 -0.070149
-0.235756 0.049488
-0.227304 0.165980
-0.210020 0.274861
-0.184665 0.371969
-0.152305 0.453596
-0.114276 0.516630
-0.072129 0.558697
-0.027567 0.578277
0.017624 0.574780
0.061649 0.548578
0.102780 0.500980
0.139425 0.434153
0.170190 0.351000
0.193933 0.255014
0.209803 0.150116
0.217265 0.040491
0.216118 -0.069564
0.206496 -0.175788
0.188858 -0.274098
0.163973 -0.360731
0.132885 -0.432378
0.096876 -0.486319
0.057413 -0.520545
0.016088 -0.533850
-0.025446 -0.525895
-0.065542 -0.497219
-0.102631 -0.449205
-0.135281 -0.384004
-0.162255 -0.304418
-0.182557 -0.213763
-0.195463 -0.115725
-0.200548 -0.014209
-0.197696 0.086807
-0.187100 0.183406
-0.169251 0.271869
-0.144921 0.348807
-0.115128 0.411285
-0.081097 0.456944
-0.044214 0.484107
-0.005963 0.491849
0.032127 0.480047
0.068551 0.449381
0.101887 0.401290
0.130853 0.337898
0.154355 0.261901
0.171528 0.176448
0.181768 0.084997
0.184747 -0.008816
0.180425 -0.101313
0.169045 -0.188906
0.151124 -0.268220
0.127431 -0.336214
0.098954 -0.390304
0.066862 -0.428462
0.032459 -0.449306
-0.002872 -0.452162
-0.037723 -0.437096
-0.070720 -0.404901
-0.100580 -0.357054
-0.126156 -0.295644
-0.146487 -0.223260
-0.160831 -0.142883
-0.168689 -0.057756
-0.169820 0.028744
-0.164250 0.113225
-0.152266 0.192409
-0.134404 0.263244
-0.111424 0.323018
-0.084281 0.369467
-0.054088 0.400864
-0.022068 0.416095
0.010493 0.414706
0.042301 0.396921
0.072107 0.363626
0.098752 0.316322
0.121219 0.257049
0.138668 0.188291
0.150465 0.112864
0.156208 0.033800
0.155734 -0.045765
0.149125 -0.122717
0.136705 -0.194067
0.119020 -0.257067
0.096819 -0.309312
0.071023 -0.348829
0.042685 -0.374167
0.012953 -0.384448
-0.016984 -0.379410
-0.045939 -0.359411
-0.072777 -0.325411
-0.096458 -0.278918
-0.116083 -0.221919
-0.130920 -0.156785
-0.140437 -0.086174
-0.144316 -0.012916
-0.142462 0.060088
-0.135008 0.129982
-0.122305 0.194052
-0.104904 0.249835
-0.083540 0.295205
-0.059095 0.328463
-0.032566 0.348399
-0.005023 0.354348
0.022433 0.346212
0.048717 0.324463
0.072801 0.290114
0.093758 0.244669
0.110791 0.190053
0.123273 0.128527
0.130758 0.062590
0.133006 -0.005121
0.129982 -0.071929
0.121859 -0.135221
0.109009 -0.192545
0.091987 -0.241699
0.071506 -0.280817
0.048410 -0.308445
0.023638 -0.323593
-0.001813 -0.325782
-0.026928 -0.315056
-0.050718 -0.291977
-0.072254 -0.257596
-0.090711 -0.213403
-0.105391 -0.161257
-0.115755 -0.103303
-0.121441 -0.041888
-0.122274 0.020536
-0.118271 0.081506
-0.109639 0.138641
-0.096766 0.189729
-0.080203 0.232814
-0.060640 0.266266
-0.038882 0.288854
-0.015812 0.299785
0.007646 0.298739
0.030558 0.285883
0.052023 0.261850
0.071208 0.227718
0.087378 0.184950
0.099927 0.135332
0.108398 0.080899
0.112499 0.023846
0.112115 -0.033553
0.107307 -0.089038
0.098309 -0.140444
0.085521 -0.185784
0.069484 -0.223329
0.050866 -0.251667
0.030429 -0.269764
0.008999 -0.277003
-0.012564 -0.273204
-0.033407 -0.258634
-0.052713 -0.233984
-0.069733 -0.200342
-0.083819 -0.159139
-0.094445 -0.112087
-0.101229 -0.061105
-0.103944 -0.008245
-0.102523 0.044391
-0.097067 0.094734
-0.087832 0.140824
-0.075221 0.180883
-0.059767 0.213389
-0.042108 0.237127
-0.022967 0.251243
-0.003115 0.255272
0.016654 0.249157
0.035560 0.233246
0.052862 0.208275
0.067894 0.175331
0.080086 0.135805
0.088985 0.091331
0.094274 0.043717
0.095783 -0.005126
0.093492 -0.053261
0.087529 -0.098798
0.078169 -0.139968
0.065815 -0.175189
0.050986 -0.203125
0.034294 -0.222744
0.016417 -0.233349
-0.001923 -0.234611
-0.019998 -0.226574
-0.037093 -0.209656
-0.052544 -0.184621
-0.065756 -0.152549
-0.076231 -0.114785
-0.083583 -0.072882
-0.087555 -0.028539
-0.088025 0.016470
-0.085011 0.060364
-0.078667 0.101421
-0.069279 0.138052
-0.057249 0.168852
-0.043079 0.192661
-0.027351 0.208606
-0.010704 0.216132
0.006194 0.215028
0.022672 0.205425
0.038082 0.187793
0.051825 0.162918
0.063376 0.131861
0.072301 0.095918
0.078274 0.056560
0.081091 0.015379
0.080672 -0.025982
0.077069 -0.065890
0.070456 -0.102784
0.061125 -0.135237
0.049473 -0.162012
0.035985 -0.182105
0.021213 -0.194788
0.005754 -0.199632
-0.009772 -0.196525
-0.024750 -0.185673
-0.038594 -0.167587
-0.050768 -0.143062
-0.060806 -0.113135
-0.068336 -0.079049
-0.073086 -0.042196
-0.074896 -0.004058
-0.073726 0.033844
-0.069653 0.070018
-0.062867 0.103053
-0.053666 0.131674
-0.042437 0.154795
-0.029645 0.171556
-0.015813 0.181356
-0.001499 0.183878
0.012727 0.179097
0.026301 0.167278
0.038694 0.148964
0.049428 0.124948
0.058095 0.096242
0.064374 0.064030
0.068042 0.029624
0.068982 -0.005596
0.067183 -0.040230
0.062747 -0.072916
0.055874 -0.102383
0.046863 -0.127499
0.036091 -0.147315
0.024003 -0.161098
0.011090 -0.168365
-0.002128 -0.168893
-0.015125 -0.162732
-0.027389 -0.150196
-0.038441 -0.131847
-0.047858 -0.108474
-0.055285 -0.081055
-0.060447 -0.050717
-0.063165 -0.018689
-0.063357 0.013744
-0.061040 0.045299
-0.056334 0.074737
-0.049448 0.100917
-0.040677 0.122836
-0.030388 0.139671
-0.019002 0.150806
-0.006983 0.155858
0.005188 0.154690
0.017028 0.147412
0.028071 0.134376
0.037888 0.116159
0.046105 0.093537
0.052413 0.067452
0.056582 0.038970
0.058470 0.009244
0.058025 -0.020539
0.055290 -0.049202
0.050396 -0.075623
0.043559 -0.098782
0.035069 -0.117795
0.025280 -0.131952
0.014592 -0.140741
0.003437 -0.143870
-0.007738 -0.141273
-0.018491 -0.133111
-0.028401 -0.119767
-0.037085 -0.101823
-0.044211 -0.080039
-0.049514 -0.055315
-0.052803 -0.028660
-0.053970 -0.001150
-0.052989 0.026121
-0.049922 0.052077
-0.044913 0.075706
-0.038178 0.096097
-0.030002 0.112475
-0.020724 0.124235
-0.010722 0.130957
-0.000400 0.132426
0.009832 0.128640
0.019568 0.119802
0.028430 0.106315
0.036074 0.088762
0.042212 0.067880
0.046616 0.044530
0.049130 0.019662
0.049674 -0.005726
0.048248 -0.030624
0.044928 -0.054054
0.039864 -0.075103
0.033276 -0.092965
0.025439 -0.106964
0.016677 -0.116586
0.007346 -0.121495
-0.002179 -0.121545
-0.011520 -0.116784
-0.020308 -0.107451
-0.028201 -0.093963
-0.034896 -0.076897
-0.040141 -0.056967
-0.043743 -0.034990
-0.045578 -0.011858
-0.045590 0.011504
-0.043799 0.034168
-0.040293 0.055247
-0.035229 0.073923
-0.028824 0.089481
-0.021344 0.101338
-0.013098 0.109062
-0.004418 0.112391
0.004346 0.111236
0.012848 0.105692
0.020753 0.096023
0.027755 0.082654
0.033586 0.066153
0.038027 0.047208
0.040918 0.026591
0.042160 0.005137
0.041721 -0.016299
0.039636 -0.036867
0.036004 -0.055765
0.030986 -0.072261
0.024793 -0.085728
0.017683 -0.095663
0.009947 -0.101710
0.001898 -0.103669
-0.006144 -0.101505
-0.013858 -0.095346
-0.020944 -0.085478
-0.027128 -0.072330
-0.032175 -0.056456
-0.035896 -0.038514
-0.038158 -0.019235
-0.038886 0.000605
-0.038069 0.020216
-0.035754 0.038824
-0.032048 0.055704
-0.027112 0.070205
-0.021155 0.081779
-0.014422 0.089997
-0.007188 0.094568
0.000255 0.095349
0.007611 0.092348
0.014590 0.085724
0.020919 0.075777
0.026354 0.062934
0.030691 0.047734
0.033768 0.030803
0.035476 0.012830
0.035764 -0.005465
0.034633 -0.023354
0.032144 -0.040134
0.028408 -0.055153
0.023587 -0.067833
0.017883 -0.077699
0.011530 -0.084388
0.004786 -0.087668
-0.002077 -0.087444
-0.008787 -0.083762
-0.015079 -0.076803
-0.020709 -0.066877
-0.025462 -0.054408
-0.029158 -0.039915
-0.031661 -0.023993
-0.032886 -0.007288
-0.032797 0.009533
-0.031411 0.025803
-0.028796 0.040883
-0.025069 0.054189
-0.020389 0.065214
-0.014950 0.073544
-0.008976 0.078877
-0.002709 0.081034
0.003601 0.079961
0.009703 0.075735
0.015358 0.068555
0.020346 0.058737
0.024477 0.046696
0.027597 0.032933
0.029592 0.018009
0.030396 0.002528
0.029989 -0.012893
0.028399 -0.027644
