0.000000 0.882633
0.078125 0.732608
0.156250 0.556515
0.234375 0.361619
0.312500 0.155527
0.390625 -0.054067
0.468750 -0.259533
0.546875 -0.453430
0.625000 -0.628640
0.703125 -0.778548
0.781250 -0.897309
0.859375 -0.980169
0.937500 -1.023795
1.015625 -1.026560
1.093750 -0.988694
1.171875 -0.912273
1.250000 -0.801046
1.328125 -0.660125
1.406250 -0.495623
1.484375 -0.314290
1.562500 -0.123215
1.640625 0.070405
1.718750 0.259436
1.796875 0.436937
1.875000 0.596320
1.953125 0.731535
2.031250 0.837320
2.109375 0.909488
2.187500 0.945204
2.265625 0.943208
2.343750 0.903929
2.421875 0.829450
2.500000 0.723347
2.578125 0.590413
2.656250 0.436347
2.734375 0.267437
2.812500 0.090293
2.890625 -0.088370
2.968750 -0.261899
3.046875 -0.423852
3.125000 -0.568164
3.203125 -0.689334
3.281250 -0.782658
3.359375 -0.844485
3.437500 -0.872444
3.515625 -0.865622
3.593750 -0.824641
3.671875 -0.751604
3.750000 -0.649946
3.828125 -0.524189
3.906250 -0.379666
3.984375 -0.222245
4.062500 -0.058090
4.140625 0.106543
4.218750 0.265471
4.296875 0.412742
4.375000 0.542800
4.453125 0.650673
4.531250 0.732189
4.609375 0.784197
4.687500 0.804755
4.765625 0.793271
4.843750 0.750542
4.921875 0.678699
5.000000 0.581055
5.078125 0.461893
5.156250 0.326217
5.234375 0.179511
5.312500 0.027520
5.390625 -0.123937
5.468750 -0.269131
5.546875 -0.402587
5.625000 -0.519241
5.703125 -0.614628
5.781250 -0.685078
5.859375 -0.727900
5.937500 -0.741548
6.015625 -0.725717
6.093750 -0.681364
6.171875 -0.610641
6.250000 -0.516755
6.328125 -0.403770
6.406250 -0.276390
6.484375 -0.139744
6.562500 0.000816
6.640625 0.139888
6.718750 0.272184
6.796875 0.392684
6.875000 0.496799
6.953125 0.580546
7.031250 0.640720
7.109375 0.675057
7.187500 0.682368
7.265625 0.662603
7.343750 0.616858
7.421875 0.547301
7.500000 0.457035
7.578125 0.349924
7.656250 0.230394
7.734375 0.103242
7.812500 -0.026550
7.890625 -0.153980
7.968750 -0.274181
8.046875 -0.382571
8.125000 -0.475015
8.203125 -0.547978
8.281250 -0.598691
8.359375 -0.625278
8.437500 -0.626867
8.515625 -0.603637
8.593750 -0.556799
8.671875 -0.488526
8.750000 -0.401822
8.828125 -0.300361
8.906250 -0.188309
8.984375 -0.070149
9.062500 0.049488
9.140625 0.165980
9.218750 0.274861
9.296875 0.371969
9.375000 0.453596
9.453125 0.516630
9.531250 0.558697
9.609375 0.578277
9.687500 0.574780
9.765625 0.548578
9.843750 0.500980
9.921875 0.434153
10.000000 0.351000
10.078125 0.255014
10.156250 0.150116
10.234375 0.040491
10.312500 -0.069564
10.390625 -0.175788
10.468750 -0.274098
10.546875 -0.360731
10.625000 -0.432378
10.703125 -0.486319
10.781250 -0.520545
10.859375 -0.533850
10.937500 -0.525895
11.015625 -0.497219
11.093750 -0.449205
11.171875 -0.384004
11.250000 -0.304418
11.328125 -0.213763
11.406250 -0.115725
11.484375 -0.014209
11.562500 0.086807
11.640625 0.183406
11.718750 0.271869
11.796875 0.348807
11.875000 0.411285
11.953125 0.456944
12.031250 0.484107
12.109375 0.491849
12.187500 0.480047
12.265625 0.449381
12.343750 0.401290
12.421875 0.337898
12.500000 0.261901
12.578125 0.176448
12.656250 0.084997
12.734375 -0.008816
12.812500 -0.101313
12.890625 -0.188906
12.968750 -0.268220
13.046875 -0.336214
13.125000 -0.390304
13.203125 -0.428462
13.281250 -0.449306
13.359375 -0.452162
13.437500 -0.437096
13.515625 -0.404901
13.593750 -0.357054
13.671875 -0.295644
13.750000 -0.223260
13.828125 -0.142883
13.906250 -0.057756
13.984375 0.028744
14.062500 0.113225
14.140625 0.192409
14.218750 0.263244
14.296875 0.323018
14.375000 0.369467
14.453125 0.400864
14.531250 0.416095
14.609375 0.414706
14.687500 0.396921
14.765625 0.363626
14.843750 0.316322
14.921875 0.257049
15.000000 0.188291
15.078125 0.112864
15.156250 0.033800
15.234375 -0.045765
15.312500 -0.122717
15.390625 -0.194067
15.468750 -0.257067
15.546875 -0.309312
15.625000 -0.348829
15.703125 -0.374167
15.781250 -0.384448
15.859375 -0.379410
15.937500 -0.359411
16.015625 -0.325411
16.093750 -0.278918
16.171875 -0.221919
16.250000 -0.156785
16.328125 -0.086174
16.406250 -0.012916
16.484375 0.060088
16.562500 0.129982
16.640625 0.194052
16.718750 0.249835
16.796875 0.295205
16.875000 0.328463
16.953125 0.348399
17.031250 0.354348
17.109375 0.346212
17.187500 0.324463
17.265625 0.290114
17.343750 0.244669
17.421875 0.190053
17.500000 0.128527
17.578125 0.062590
17.656250 -0.005121
17.734375 -0.071929
17.812500 -0.135221
17.890625 -0.192545
17.968750 -0.241699
18.046875 -0.280817
18.125000 -0.308445
18.203125 -0.323593
18.281250 -0.325782
18.359375 -0.315056
18.437500 -0.291977
18.515625 -0.257596
18.593750 -0.213403
18.671875 -0.161257
18.750000 -0.103303
18.828125 -0.041888
18.906250 0.020536
18.984375 0.081506
19.062500 0.138641
19.140625 0.189729
19.218750 0.232814
19.296875 0.266266
19.375000 0.288854
19.453125 0.299785
19.531250 0.298739
19.609375 0.285883
19.687500 0.261850
19.765625 0.227718
19.843750 0.184950
19.921875 0.135332
20.000000 0.080899
20.078125 0.023846
20.156250 -0.033553
20.234375 -0.089038
20.312500 -0.140444
20.390625 -0.185784
20.468750 -0.223329
20.546875 -0.251667
20.625000 -0.269764
20.703125 -0.277003
20.781250 -0.273204
20.859375 -0.258634
20.937500 -0.233984
21.015625 -0.200342
21.093750 -0.159139
21.171875 -0.112087
21.250000 -0.061105
21.328125 -0.008245
21.406250 0.044391
21.484375 0.094734
21.562500 0.140824
21.640625 0.180883
21.718750 0.213389
21.796875 0.237127
21.875000 0.251243
21.953125 0.255272
22.031250 0.249157
22.109375 0.233246
22.187500 0.208275
22.265625 0.175331
22.343750 0.135805
22.421875 0.091331
22.500000 0.043717
22.578125 -0.005126
22.656250 -0.053261
22.734375 -0.098798
22.812500 -0.139968
22.890625 -0.175189
22.968750 -0.203125
23.046875 -0.222744
23.125000 -0.233349
23.203125 -0.234611
23.281250 -0.226574
23.359375 -0.209656
23.437500 -0.184621
23.515625 -0.152549
23.593750 -0.114785
23.671875 -0.072882
23.750000 -0.028539
23.828125 0.016470
23.906250 0.060364
23.984375 0.101421
24.062500 0.138052
24.140625 0.168852
24.218750 0.192661
24.296875 0.208606
24.375000 0.216132
24.453125 0.215028
24.531250 0.205425
24.609375 0.187793
24.687500 0.162918
24.765625 0.131861
24.843750 0.095918
24.921875 0.056560
25.000000 0.015379
25.078125 -0.025982
25.156250 -0.065890
25.234375 -0.102784
25.312500 -0.135237
25.390625 -0.162012
25.468750 -0.182105
25.546875 -0.194788
25.625000 -0.199632
25.703125 -0.196525
25.781250 -0.185673
25.859375 -0.167587
25.937500 -0.143062
26.015625 -0.113135
26.093750 -0.079049
26.171875 -0.042196
26.250000 -0.004058
26.328125 0.033844
26.406250 0.070018
26.484375 0.103053
26.562500 0.131674
26.640625 0.154795
26.718750 0.171556
26.796875 0.181356
26.875000 0.183878
26.953125 0.179097
27.031250 0.167278
27.109375 0.148964
27.187500 0.124948
27.265625 0.096242
27.343750 0.064030
27.421875 0.029624
27.500000 -0.005596
27.578125 -0.040230
27.656250 -0.072916
27.734375 -0.102383
27.812500 -0.127499
27.890625 -0.147315
27.968750 -0.161098
28.046875 -0.168365
28.125000 -0.168893
28.203125 -0.162732
28.281250 -0.150196
28.359375 -0.131847
28.437500 -0.108474
28.515625 -0.081055
28.593750 -0.050717
28.671875 -0.018689
28.750000 0.013744
28.828125 0.045299
28.906250 0.074737
28.984375 0.100917
29.062500 0.122836
29.140625 0.139671
29.218750 0.150806
29.296875 0.155858
29.375000 0.154690
29.453125 0.147412
29.531250 0.134376
29.609375 0.116159
29.687500 0.093537
29.765625 0.067452
29.843750 0.038970
29.921875 0.009244
30.000000 -0.020539
30.078125 -0.049202
30.156250 -0.075623
30.234375 -0.098782
30.312500 -0.117795
30.390625 -0.131952
30.468750 -0.140741
30.546875 -0.143870
30.625000 -0.141273
30.703125 -0.133111
30.781250 -0.119767
30.859375 -0.101823
30.937500 -0.080039
31.015625 -0.055315
31.093750 -0.028660
31.171875 -0.001150
31.250000 0.026121
31.328125 0.052077
31.406250 0.075706
31.484375 0.096097
31.562500 0.112475
31.640625 0.124235
31.718750 0.130957
31.796875 0.132426
31.875000 0.128640
31.953125 0.119802
32.031250 0.106315
32.109375 0.088762
32.187500 0.067880
32.265625 0.044530
32.343750 0.019662
32.421875 -0.005726
32.500000 -0.030624
32.578125 -0.054054
32.656250 -0.075103
32.734375 -0.092965
32.812500 -0.106964
32.890625 -0.116586
32.968750 -0.121495
33.046875 -0.121545
33.125000 -0.116784
33.203125 -0.107451
33.281250 -0.093963
33.359375 -0.076897
33.437500 -0.056967
33.515625 -0.034990
33.593750 -0.011858
33.671875 0.011504
33.750000 0.034168
33.828125 0.055247
33.906250 0.073923
33.984375 0.089481
34.062500 0.101338
34.140625 0.109062
34.218750 0.112391
34.296875 0.111236
34.375000 0.105692
34.453125 0.096023
34.531250 0.082654
34.609375 0.066153
34.687500 0.047208
34.765625 0.026591
34.843750 0.005137
34.921875 -0.016299
35.000000 -0.036867
35.078125 -0.055765
35.156250 -0.072261
35.234375 -0.085728
35.312500 -0.095663
35.390625 -0.101710
35.468750 -0.103669
35.546875 -0.101505
35.625000 -0.095346
35.703125 -0.085478
35.781250 -0.072330
35.859375 -0.056456
35.937500 -0.038514
36.015625 -0.019235
36.093750 0.000605
36.171875 0.020216
36.250000 0.038824
36.328125 0.055704
36.406250 0.070205
36.484375 0.081779
36.562500 0.089997
36.640625 0.094568
36.718750 0.095349
36.796875 0.092348
36.875000 0.085724
36.953125 0.075777
37.031250 0.062934
37.109375 0.047734
37.187500 0.030803
37.265625 0.012830
37.343750 -0.005465
37.421875 -0.023354
37.500000 -0.040134
37.578125 -0.055153
37.656250 -0.067833
37.734375 -0.077699
37.812500 -0.084388
37.890625 -0.087668
37.968750 -0.087444
38.046875 -0.083762
38.125000 -0.076803
38.203125 -0.066877
38.281250 -0.054408
38.359375 -0.039915
38.437500 -0.023993
38.515625 -0.007288
38.593750 0.009533
38.671875 0.025803
38.750000 0.040883
38.828125 0.054189
38.906250 0.065214
38.984375 0.073544
39.062500 0.078877
39.140625 0.081034
39.218750 0.079961
39.296875 0.075735
39.375000 0.068555
39.453125 0.058737
39.531250 0.046696
39.609375 0.032933
39.687500 0.018009
39.765625 0.002528
39.843750 -0.012893
39.921875 -0.027644
